Table 1. Reported Voting and Registration, by Sex and Single Years of Age:  November 1998

Source:  U.S. Census Bureau
Internet Release Date:  July 19, 2000

(In thousands)
----------------------------------------------------------------------------------------------------------------------
|Sex and age       |       |             |             |             |             |    U.S. citizen     |  Not a   |
|                  |       |             |             |             |             |---------------------| citizen  |
|                  |       |  Reported   |     Not     |  Reported   |             | Reported |   Not    |----------|
|                  |       | registered  | registered  |    voted    |Did not vote |registered|registered|          |
|                  |       |-------------+-------------+-------------+-------------+----------+----------+----------|
|                  | Total |Number | Pct |Number | Pct |Number | Pct |Number | Pct |  Number  |  Number  |  Number  |
|------------------+-------+-------+-----+-------+-----+-------+-----+-------+-----+----------+----------+----------|
|BOTH SEXES        |       |       |     |       |     |       |     |       |     |          |          |          |
|  Total 18 years  |       |       |     |       |     |       |     |       |     |          |          |          |
|  and over        |198,228|123,104| 62.1| 75,125| 37.9| 83,098| 41.9|115,131| 58.1|   123,104|    60,347|    14,778|
|  18 to 24 years  | 25,537| 10,014| 39.2| 15,523| 60.8|  4,251| 16.6| 21,286| 83.4|    10,014|    12,979|     2,544|
|  25 to 34 years  | 38,624| 20,239| 52.4| 18,385| 47.6| 10,816| 28.0| 27,808| 72.0|    20,239|    13,696|     4,689|
|  35 to 44 years  | 44,369| 27,664| 62.3| 16,705| 37.7| 18,073| 40.7| 26,296| 59.3|    27,664|    13,078|     3,627|
|  45 to 54 years  | 34,827| 24,137| 69.3| 10,690| 30.7| 17,663| 50.7| 17,164| 49.3|    24,137|     8,678|     2,012|
|  55 to 64 years  | 22,609| 16,724| 74.0|  5,884| 26.0| 13,095| 57.9|  9,514| 42.1|    16,724|     4,926|       958|
|  65 to 74 years  | 17,902| 13,810| 77.1|  4,092| 22.9| 11,333| 63.3|  6,569| 36.7|    13,810|     3,544|       548|
|  75 years and    |       |       |     |       |     |       |     |       |     |          |          |          |
|  over            | 14,361| 10,516| 73.2|  3,845| 26.8|  7,867| 54.8|  6,494| 45.2|    10,516|     3,445|       399|
|  18 years        |  4,022|    937| 23.3|  3,085| 76.7|    412| 10.3|  3,610| 89.7|       937|     2,815|       270|
|  19 years        |  3,895|  1,332| 34.2|  2,562| 65.8|    599| 15.4|  3,295| 84.6|     1,332|     2,204|       358|
|  20 years        |  3,505|  1,394| 39.8|  2,111| 60.2|    533| 15.2|  2,972| 84.8|     1,394|     1,718|       394|
|  21 years        |  3,666|  1,619| 44.2|  2,047| 55.8|    680| 18.5|  2,987| 81.5|     1,619|     1,638|       409|
|  22 years        |  3,578|  1,560| 43.6|  2,017| 56.4|    630| 17.6|  2,947| 82.4|     1,560|     1,717|       300|
|  23 years        |  3,303|  1,466| 44.4|  1,836| 55.6|    680| 20.6|  2,623| 79.4|     1,466|     1,425|       411|
|  24 years        |  3,569|  1,705| 47.8|  1,864| 52.2|    716| 20.1|  2,852| 79.9|     1,705|     1,462|       402|
|  25 years        |  3,265|  1,588| 48.6|  1,677| 51.4|    743| 22.8|  2,522| 77.2|     1,588|     1,329|       348|
|  26 years        |  3,793|  1,787| 47.1|  2,005| 52.9|    832| 21.9|  2,960| 78.1|     1,787|     1,550|       455|
|  27 years        |  3,726|  1,832| 49.2|  1,894| 50.8|    877| 23.6|  2,848| 76.4|     1,832|     1,435|       459|
|  28 years        |  4,038|  2,059| 51.0|  1,980| 49.0|  1,035| 25.6|  3,003| 74.4|     2,059|     1,549|       431|
|  29 years        |  3,868|  2,018| 52.2|  1,850| 47.8|  1,075| 27.8|  2,793| 72.2|     2,018|     1,375|       475|
|  30 years        |  4,015|  2,153| 53.6|  1,862| 46.4|  1,214| 30.2|  2,800| 69.8|     2,153|     1,294|       568|
|  31 years        |  3,807|  2,071| 54.4|  1,736| 45.6|  1,141| 30.0|  2,666| 70.0|     2,071|     1,245|       492|
|  32 years        |  3,932|  2,172| 55.2|  1,760| 44.8|  1,216| 30.9|  2,717| 69.1|     2,172|     1,284|       477|
|  33 years        |  4,028|  2,164| 53.7|  1,864| 46.3|  1,260| 31.3|  2,767| 68.7|     2,164|     1,351|       512|
|  34 years        |  4,153|  2,395| 57.7|  1,757| 42.3|  1,420| 34.2|  2,732| 65.8|     2,395|     1,285|       472|
|  35 years        |  4,575|  2,703| 59.1|  1,872| 40.9|  1,652| 36.1|  2,923| 63.9|     2,703|     1,460|       411|
|  36 years        |  4,278|  2,557| 59.8|  1,721| 40.2|  1,514| 35.4|  2,764| 64.6|     2,557|     1,385|       336|
|  37 years        |  4,409|  2,742| 62.2|  1,667| 37.8|  1,708| 38.7|  2,701| 61.3|     2,742|     1,290|       377|
|  38 years        |  4,595|  2,764| 60.2|  1,831| 39.8|  1,836| 40.0|  2,759| 60.0|     2,764|     1,401|       429|
|  39 years        |  4,495|  2,800| 62.3|  1,695| 37.7|  1,821| 40.5|  2,675| 59.5|     2,800|     1,328|       366|
|  40 years        |  4,482|  2,764| 61.7|  1,718| 38.3|  1,796| 40.1|  2,686| 59.9|     2,764|     1,351|       367|
|  41 years        |  4,335|  2,721| 62.8|  1,614| 37.2|  1,794| 41.4|  2,540| 58.6|     2,721|     1,266|       348|
|  42 years        |  4,410|  2,865| 65.0|  1,545| 35.0|  2,028| 46.0|  2,382| 54.0|     2,865|     1,252|       293|
|  43 years        |  4,381|  2,788| 63.6|  1,593| 36.4|  1,912| 43.6|  2,469| 56.4|     2,788|     1,215|       379|
|  44 years        |  4,411|  2,961| 67.1|  1,450| 32.9|  2,013| 45.7|  2,397| 54.3|     2,961|     1,129|       321|
|  45 years        |  4,044|  2,734| 67.6|  1,311| 32.4|  1,860| 46.0|  2,184| 54.0|     2,734|     1,056|       255|
|  46 years        |  3,812|  2,556| 67.0|  1,256| 33.0|  1,809| 47.5|  2,003| 52.5|     2,556|       987|       269|
|  47 years        |  3,663|  2,559| 69.9|  1,104| 30.1|  1,858| 50.7|  1,805| 49.3|     2,559|       897|       206|
|  48 years        |  3,831|  2,743| 71.6|  1,089| 28.4|  2,073| 54.1|  1,758| 45.9|     2,743|       914|       175|
|  49 years        |  3,657|  2,522| 69.0|  1,135| 31.0|  1,878| 51.4|  1,779| 48.6|     2,522|       929|       206|
|  50 years        |  3,621|  2,416| 66.7|  1,205| 33.3|  1,764| 48.7|  1,857| 51.3|     2,416|       944|       262|
|  51 years        |  3,621|  2,562| 70.8|  1,059| 29.2|  1,908| 52.7|  1,713| 47.3|     2,562|       879|       179|
|  52 years        |  3,192|  2,263| 70.9|    929| 29.1|  1,687| 52.9|  1,505| 47.1|     2,263|       754|       175|
|  53 years        |  2,725|  1,912| 70.2|    813| 29.8|  1,447| 53.1|  1,278| 46.9|     1,912|       672|       141|
|  54 years        |  2,661|  1,871| 70.3|    790| 29.7|  1,378| 51.8|  1,283| 48.2|     1,871|       647|       143|
|  55 years        |  2,846|  2,130| 74.8|    716| 25.2|  1,563| 54.9|  1,283| 45.1|     2,130|       602|       114|
|  56 years        |  2,773|  2,033| 73.3|    740| 26.7|  1,595| 57.5|  1,178| 42.5|     2,033|       613|       127|
|  57 years        |  2,377|  1,761| 74.1|    615| 25.9|  1,313| 55.2|  1,064| 44.8|     1,761|       543|        73|
|  58 years        |  2,245|  1,637| 72.9|    609| 27.1|  1,291| 57.5|    954| 42.5|     1,637|       508|       101|
|  59 years        |  2,209|  1,601| 72.5|    608| 27.5|  1,257| 56.9|    952| 43.1|     1,601|       472|       135|
|  60 years        |  2,131|  1,522| 71.4|    609| 28.6|  1,213| 56.9|    918| 43.1|     1,522|       514|        95|
|  61 years        |  2,145|  1,638| 76.4|    507| 23.6|  1,309| 61.0|    836| 39.0|     1,638|       426|        81|
|  62 years        |  1,913|  1,428| 74.7|    485| 25.3|  1,157| 60.5|    756| 39.5|     1,428|       390|        94|
|  63 years        |  2,087|  1,505| 72.1|    582| 27.9|  1,213| 58.1|    874| 41.9|     1,505|       478|       103|
|  64 years        |  1,881|  1,467| 78.0|    414| 22.0|  1,183| 62.9|    698| 37.1|     1,467|       378|        36|
|  65 years        |  1,968|  1,477| 75.0|    492| 25.0|  1,196| 60.7|    773| 39.3|     1,477|       423|        69|
|  66 years        |  1,876|  1,414| 75.3|    462| 24.7|  1,166| 62.1|    710| 37.9|     1,414|       389|        73|
|  67 years        |  1,764|  1,389| 78.7|    375| 21.3|  1,107| 62.8|    657| 37.2|     1,389|       328|        47|
|  68 years        |  2,031|  1,494| 73.5|    537| 26.5|  1,251| 61.6|    780| 38.4|     1,494|       458|        79|
|  69 years        |  1,735|  1,382| 79.7|    352| 20.3|  1,126| 64.9|    609| 35.1|     1,382|       318|        35|
|  70 years        |  1,846|  1,364| 73.9|    482| 26.1|  1,147| 62.1|    700| 37.9|     1,364|       379|       102|
|  71 years        |  1,739|  1,364| 78.4|    375| 21.6|  1,113| 64.0|    626| 36.0|     1,364|       343|        32|
|  72 years        |  1,771|  1,379| 77.9|    392| 22.1|  1,140| 64.4|    631| 35.6|     1,379|       343|        49|
|  73 years        |  1,587|  1,276| 80.4|    311| 19.6|  1,048| 66.0|    539| 34.0|     1,276|       278|        33|
|  74 years        |  1,585|  1,271| 80.2|    313| 19.8|  1,040| 65.6|    545| 34.4|     1,271|       285|        28|
|  75 years        |  1,628|  1,236| 75.9|    392| 24.1|  1,019| 62.6|    608| 37.4|     1,236|       331|        60|
|  76 years        |  1,417|  1,105| 78.0|    312| 22.0|    901| 63.6|    517| 36.4|     1,105|       271|        40|
|  77 years        |  1,420|  1,100| 77.5|    320| 22.5|    876| 61.7|    544| 38.3|     1,100|       288|        31|
|  78 years        |  1,426|  1,014| 71.1|    413| 28.9|    778| 54.6|    648| 45.4|     1,014|       376|        36|
|  79 years        |  1,111|    846| 76.2|    265| 23.8|    657| 59.1|    454| 40.9|       846|       243|        22|
|  80 years        |  1,078|    788| 73.1|    290| 26.9|    630| 58.5|    448| 41.5|       788|       263|        27|
|  81 years        |    884|    678| 76.6|    207| 23.4|    510| 57.7|    374| 42.3|       678|       188|        19|
|  82 years        |    858|    641| 74.7|    217| 25.3|    454| 52.9|    404| 47.1|       641|       190|        27|
|  83 years        |    726|    551| 75.9|    175| 24.1|    371| 51.1|    355| 48.9|       551|       151|        24|
|  84 years        |    705|    495| 70.3|    210| 29.7|    352| 49.9|    353| 50.1|       495|       201|         9|
|  85 years and    |       |       |     |       |     |       |     |       |     |          |          |          |
|  over            |  3,108|  2,063| 66.4|  1,046| 33.6|  1,319| 42.4|  1,789| 57.6|     2,063|       943|       103|
|MALE              |       |       |     |       |     |       |     |       |     |          |          |          |
|  Total 18 years  |       |       |     |       |     |       |     |       |     |          |          |          |
|  and over        | 95,187| 57,659| 60.6| 37,528| 39.4| 39,391| 41.4| 55,795| 58.6|    57,659|    30,054|     7,474|
|  18 to 24 years  | 12,808|  4,667| 36.4|  8,141| 63.6|  2,011| 15.7| 10,797| 84.3|     4,667|     6,738|     1,403|
|  25 to 34 years  | 19,101|  9,507| 49.8|  9,594| 50.2|  5,050| 26.4| 14,052| 73.6|     9,507|     7,160|     2,435|
|  35 to 44 years  | 21,839| 13,212| 60.5|  8,627| 39.5|  8,649| 39.6| 13,190| 60.4|    13,212|     6,752|     1,875|
|  45 to 54 years  | 16,979| 11,617| 68.4|  5,362| 31.6|  8,602| 50.7|  8,377| 49.3|    11,617|     4,381|       980|
|  55 to 64 years  | 10,815|  7,948| 73.5|  2,866| 26.5|  6,264| 57.9|  4,550| 42.1|     7,948|     2,403|       463|
|  65 to 74 years  |  8,069|  6,333| 78.5|  1,736| 21.5|  5,333| 66.1|  2,736| 33.9|     6,333|     1,525|       211|
|  75 years and    |       |       |     |       |     |       |     |       |     |          |          |          |
|  over            |  5,576|  4,375| 78.5|  1,202| 21.5|  3,483| 62.5|  2,093| 37.5|     4,375|     1,095|       107|
|  18 years        |  2,055|    441| 21.4|  1,614| 78.6|    181|  8.8|  1,874| 91.2|       441|     1,448|       166|
|  19 years        |  1,963|    588| 30.0|  1,374| 70.0|    277| 14.1|  1,686| 85.9|       588|     1,164|       210|
|  20 years        |  1,847|    684| 37.0|  1,163| 63.0|    268| 14.5|  1,579| 85.5|       684|       918|       245|
|  21 years        |  1,883|    846| 44.9|  1,037| 55.1|    352| 18.7|  1,531| 81.3|       846|       842|       195|
|  22 years        |  1,753|    718| 41.0|  1,035| 59.0|    302| 17.2|  1,451| 82.8|       718|       875|       160|
|  23 years        |  1,540|    625| 40.6|    915| 59.4|    302| 19.6|  1,238| 80.4|       625|       698|       217|
|  24 years        |  1,768|    765| 43.3|  1,003| 56.7|    329| 18.6|  1,439| 81.4|       765|       793|       210|
|  25 years        |  1,579|    711| 45.0|    868| 55.0|    319| 20.2|  1,260| 79.8|       711|       668|       201|
|  26 years        |  1,889|    823| 43.6|  1,066| 56.4|    394| 20.8|  1,495| 79.2|       823|       829|       238|
|  27 years        |  1,835|    891| 48.6|    944| 51.4|    423| 23.0|  1,412| 77.0|       891|       727|       216|
|  28 years        |  2,019|    993| 49.2|  1,026| 50.8|    503| 24.9|  1,515| 75.1|       993|       781|       245|
|  29 years        |  1,926|    915| 47.5|  1,011| 52.5|    495| 25.7|  1,431| 74.3|       915|       770|       241|
|  30 years        |  1,932|    971| 50.3|    961| 49.7|    566| 29.3|  1,366| 70.7|       971|       675|       286|
|  31 years        |  1,869|    993| 53.2|    875| 46.8|    538| 28.8|  1,331| 71.2|       993|       637|       238|
|  32 years        |  1,992|  1,037| 52.1|    954| 47.9|    563| 28.3|  1,429| 71.7|     1,037|       692|       262|
|  33 years        |  2,041|  1,063| 52.1|    977| 47.9|    610| 29.9|  1,431| 70.1|     1,063|       715|       263|
|  34 years        |  2,021|  1,109| 54.9|    911| 45.1|    639| 31.6|  1,382| 68.4|     1,109|       666|       246|
|  35 years        |  2,279|  1,282| 56.3|    997| 43.7|    753| 33.1|  1,525| 66.9|     1,282|       765|       231|
|  36 years        |  2,027|  1,166| 57.5|    861| 42.5|    706| 34.8|  1,321| 65.2|     1,166|       707|       154|
|  37 years        |  2,213|  1,342| 60.6|    871| 39.4|    846| 38.2|  1,368| 61.8|     1,342|       685|       186|
|  38 years        |  2,232|  1,256| 56.3|    976| 43.7|    826| 37.0|  1,406| 63.0|     1,256|       746|       230|
|  39 years        |  2,242|  1,334| 59.5|    907| 40.5|    862| 38.5|  1,379| 61.5|     1,334|       715|       192|
|  40 years        |  2,174|  1,326| 61.0|    849| 39.0|    866| 39.8|  1,309| 60.2|     1,326|       659|       190|
|  41 years        |  2,159|  1,298| 60.1|    860| 39.9|    870| 40.3|  1,289| 59.7|     1,298|       676|       185|
|  42 years        |  2,206|  1,398| 63.4|    808| 36.6|    985| 44.7|  1,221| 55.3|     1,398|       650|       158|
|  43 years        |  2,130|  1,346| 63.2|    784| 36.8|    925| 43.4|  1,205| 56.6|     1,346|       595|       189|
|  44 years        |  2,177|  1,463| 67.2|    714| 32.8|  1,010| 46.4|  1,167| 53.6|     1,463|       553|       161|
|  45 years        |  2,027|  1,336| 65.9|    691| 34.1|    886| 43.7|  1,141| 56.3|     1,336|       567|       124|
|  46 years        |  1,814|  1,205| 66.4|    610| 33.6|    871| 48.0|    943| 52.0|     1,205|       495|       115|
|  47 years        |  1,802|  1,222| 67.8|    580| 32.2|    921| 51.1|    881| 48.9|     1,222|       457|       123|
|  48 years        |  1,848|  1,315| 71.2|    533| 28.8|    980| 53.0|    868| 47.0|     1,315|       445|        88|
|  49 years        |  1,806|  1,216| 67.3|    590| 32.7|    894| 49.5|    912| 50.5|     1,216|       491|        99|
|  50 years        |  1,766|  1,172| 66.4|    594| 33.6|    892| 50.5|    874| 49.5|     1,172|       464|       130|
|  51 years        |  1,772|  1,235| 69.7|    537| 30.3|    937| 52.9|    835| 47.1|     1,235|       448|        89|
|  52 years        |  1,473|  1,046| 71.1|    426| 28.9|    781| 53.0|    691| 47.0|     1,046|       347|        79|
|  53 years        |  1,289|    887| 68.8|    402| 31.2|    698| 54.2|    591| 45.8|       887|       338|        64|
|  54 years        |  1,382|    982| 71.0|    400| 29.0|    742| 53.7|    640| 46.3|       982|       329|        71|
|  55 years        |  1,409|  1,068| 75.8|    341| 24.2|    800| 56.8|    609| 43.2|     1,068|       286|        55|
|  56 years        |  1,313|    925| 70.4|    389| 29.6|    702| 53.4|    612| 46.6|       925|       322|        67|
|  57 years        |  1,151|    825| 71.7|    326| 28.3|    605| 52.6|    546| 47.4|       825|       284|        43|
|  58 years        |  1,040|    752| 72.3|    288| 27.7|    576| 55.3|    465| 44.7|       752|       249|        39|
|  59 years        |  1,080|    777| 72.0|    302| 28.0|    628| 58.2|    451| 41.8|       777|       231|        71|
|  60 years        |    918|    643| 70.1|    275| 29.9|    518| 56.4|    401| 43.6|       643|       237|        38|
|  61 years        |  1,073|    838| 78.1|    235| 21.9|    678| 63.2|    394| 36.8|       838|       190|        46|
|  62 years        |    948|    695| 73.4|    252| 26.6|    577| 60.9|    371| 39.1|       695|       215|        38|
|  63 years        |    996|    731| 73.4|    265| 26.6|    622| 62.4|    374| 37.6|       731|       217|        48|
|  64 years        |    887|    695| 78.4|    192| 21.6|    559| 63.0|    328| 37.0|       695|       174|        18|
|  65 years        |    925|    714| 77.2|    211| 22.8|    604| 65.3|    320| 34.7|       714|       186|        25|
|  66 years        |    826|    640| 77.5|    186| 22.5|    529| 64.0|    297| 36.0|       640|       161|        25|
|  67 years        |    829|    640| 77.3|    188| 22.7|    534| 64.4|    295| 35.6|       640|       164|        25|
|  68 years        |    919|    698| 76.0|    220| 24.0|    586| 63.8|    333| 36.2|       698|       185|        36|
|  69 years        |    796|    640| 80.4|    156| 19.6|    525| 66.0|    270| 34.0|       640|       145|        10|
|  70 years        |    861|    649| 75.4|    212| 24.6|    568| 65.9|    293| 34.1|       649|       181|        31|
|  71 years        |    793|    624| 78.7|    169| 21.3|    524| 66.1|    269| 33.9|       624|       149|        19|
|  72 years        |    749|    594| 79.4|    155| 20.6|    514| 68.6|    235| 31.4|       594|       140|        14|
|  73 years        |    661|    550| 83.2|    111| 16.8|    463| 70.1|    198| 29.9|       550|        99|        12|
|  74 years        |    711|    582| 81.9|    129| 18.1|    486| 68.4|    225| 31.6|       582|       114|        15|
|  75 years        |    672|    532| 79.1|    141| 20.9|    460| 68.4|    213| 31.6|       532|       124|        17|
|  76 years        |    582|    498| 85.5|     84| 14.5|    415| 71.2|    168| 28.8|       498|        75|         9|
|  77 years        |    627|    530| 84.5|     97| 15.5|    453| 72.2|    175| 27.8|       530|        94|         3|
|  78 years        |    611|    446| 73.0|    165| 27.0|    340| 55.7|    271| 44.3|       446|       149|        17|
|  79 years        |    445|    355| 79.7|     90| 20.3|    291| 65.4|    154| 34.6|       355|        88|         2|
|  80 years        |    430|    319| 74.1|    111| 25.9|    255| 59.2|    176| 40.8|       319|       109|         2|
|  81 years        |    284|    240| 84.4|     44| 15.6|    192| 67.5|     92| 32.5|       240|        42|         2|
|  82 years        |    360|    269| 74.7|     91| 25.3|    213| 59.1|    147| 40.9|       269|        76|        16|
|  83 years        |    284|    229| 80.6|     55| 19.4|    182| 64.3|    101| 35.7|       229|        46|         9|
|  84 years        |    245|    182| 74.3|     63| 25.7|    139| 56.7|    106| 43.3|       182|        61|         2|
|  85 years and    |       |       |     |       |     |       |     |       |     |          |          |          |
|  over            |  1,034|    775| 75.0|    259| 25.0|    543| 52.5|    491| 47.5|       775|       232|        27|
|FEMALE            |       |       |     |       |     |       |     |       |     |          |          |          |
|  Total 18 years  |       |       |     |       |     |       |     |       |     |          |          |          |
|  and over        |103,042| 65,445| 63.5| 37,597| 36.5| 43,706| 42.4| 59,336| 57.6|    65,445|    30,293|     7,304|
|  18 to 24 years  | 12,729|  5,347| 42.0|  7,382| 58.0|  2,240| 17.6| 10,489| 82.4|     5,347|     6,241|     1,141|
|  25 to 34 years  | 19,522| 10,731| 55.0|  8,791| 45.0|  5,766| 29.5| 13,756| 70.5|    10,731|     6,536|     2,255|
|  35 to 44 years  | 22,530| 14,452| 64.1|  8,078| 35.9|  9,424| 41.8| 13,106| 58.2|    14,452|     6,326|     1,752|
|  45 to 54 years  | 17,848| 12,520| 70.1|  5,328| 29.9|  9,061| 50.8|  8,787| 49.2|    12,520|     4,297|     1,031|
|  55 to 64 years  | 11,794|  8,776| 74.4|  3,018| 25.6|  6,830| 57.9|  4,963| 42.1|     8,776|     2,523|       495|
|  65 to 74 years  |  9,833|  7,477| 76.0|  2,356| 24.0|  6,000| 61.0|  3,833| 39.0|     7,477|     2,019|       337|
|  75 years and    |       |       |     |       |     |       |     |       |     |          |          |          |
|  over            |  8,785|  6,142| 69.9|  2,643| 30.1|  4,384| 49.9|  4,400| 50.1|     6,142|     2,351|       293|
|  18 years        |  1,968|    497| 25.2|  1,471| 74.8|    231| 11.8|  1,736| 88.2|       497|     1,367|       105|
|  19 years        |  1,932|    744| 38.5|  1,188| 61.5|    322| 16.7|  1,609| 83.3|       744|     1,040|       148|
|  20 years        |  1,658|    710| 42.8|    948| 57.2|    265| 16.0|  1,393| 84.0|       710|       800|       148|
|  21 years        |  1,784|    773| 43.3|  1,011| 56.7|    328| 18.4|  1,456| 81.6|       773|       796|       214|
|  22 years        |  1,824|    842| 46.2|    982| 53.8|    328| 18.0|  1,496| 82.0|       842|       842|       140|
|  23 years        |  1,763|    841| 47.7|    922| 52.3|    378| 21.4|  1,385| 78.6|       841|       728|       194|
|  24 years        |  1,801|    940| 52.2|    861| 47.8|    387| 21.5|  1,413| 78.5|       940|       668|       192|
|  25 years        |  1,686|    877| 52.0|    809| 48.0|    425| 25.2|  1,261| 74.8|       877|       661|       148|
|  26 years        |  1,904|    965| 50.7|    939| 49.3|    439| 23.0|  1,465| 77.0|       965|       722|       217|
|  27 years        |  1,891|    941| 49.8|    950| 50.2|    454| 24.0|  1,436| 76.0|       941|       707|       243|
|  28 years        |  2,020|  1,066| 52.8|    954| 47.2|    532| 26.3|  1,488| 73.7|     1,066|       767|       186|
|  29 years        |  1,941|  1,103| 56.8|    839| 43.2|    580| 29.9|  1,361| 70.1|     1,103|       605|       234|
|  30 years        |  2,083|  1,182| 56.7|    901| 43.3|    648| 31.1|  1,434| 68.9|     1,182|       619|       282|
|  31 years        |  1,938|  1,077| 55.6|    861| 44.4|    603| 31.1|  1,335| 68.9|     1,077|       607|       254|
|  32 years        |  1,941|  1,135| 58.5|    806| 41.5|    653| 33.6|  1,288| 66.4|     1,135|       591|       215|
|  33 years        |  1,987|  1,101| 55.4|    886| 44.6|    650| 32.7|  1,337| 67.3|     1,101|       637|       250|
|  34 years        |  2,132|  1,286| 60.3|    846| 39.7|    781| 36.7|  1,351| 63.3|     1,286|       619|       226|
|  35 years        |  2,296|  1,421| 61.9|    875| 38.1|    899| 39.1|  1,397| 60.9|     1,421|       695|       180|
|  36 years        |  2,251|  1,390| 61.8|    860| 38.2|    808| 35.9|  1,443| 64.1|     1,390|       678|       182|
|  37 years        |  2,195|  1,400| 63.8|    796| 36.2|    862| 39.3|  1,333| 60.7|     1,400|       605|       191|
|  38 years        |  2,363|  1,508| 63.8|    855| 36.2|  1,010| 42.7|  1,353| 57.3|     1,508|       655|       200|
|  39 years        |  2,253|  1,466| 65.1|    787| 34.9|    958| 42.5|  1,295| 57.5|     1,466|       613|       174|
|  40 years        |  2,308|  1,438| 62.3|    870| 37.7|    930| 40.3|  1,377| 59.7|     1,438|       692|       177|
|  41 years        |  2,176|  1,423| 65.4|    753| 34.6|    925| 42.5|  1,251| 57.5|     1,423|       590|       163|
|  42 years        |  2,204|  1,466| 66.5|    737| 33.5|  1,043| 47.3|  1,161| 52.7|     1,466|       602|       135|
|  43 years        |  2,251|  1,441| 64.0|    809| 36.0|    987| 43.8|  1,264| 56.2|     1,441|       619|       190|
|  44 years        |  2,234|  1,498| 67.0|    736| 33.0|  1,004| 44.9|  1,230| 55.1|     1,498|       576|       160|
|  45 years        |  2,017|  1,397| 69.3|    620| 30.7|    974| 48.3|  1,043| 51.7|     1,397|       489|       131|
|  46 years        |  1,997|  1,351| 67.6|    646| 32.4|    938| 47.0|  1,059| 53.0|     1,351|       492|       154|
|  47 years        |  1,861|  1,337| 71.8|    524| 28.2|    937| 50.4|    924| 49.6|     1,337|       441|        84|
|  48 years        |  1,983|  1,428| 72.0|    556| 28.0|  1,094| 55.1|    890| 44.9|     1,428|       469|        87|
|  49 years        |  1,851|  1,306| 70.5|    545| 29.5|    985| 53.2|    867| 46.8|     1,306|       438|       107|
|  50 years        |  1,855|  1,244| 67.1|    611| 32.9|    872| 47.0|    983| 53.0|     1,244|       479|       132|
|  51 years        |  1,849|  1,327| 71.8|    522| 28.2|    971| 52.5|    878| 47.5|     1,327|       431|        91|
|  52 years        |  1,720|  1,217| 70.8|    503| 29.2|    906| 52.7|    814| 47.3|     1,217|       407|        96|
|  53 years        |  1,435|  1,025| 71.4|    411| 28.6|    749| 52.2|    687| 47.8|     1,025|       333|        77|
|  54 years        |  1,279|    890| 69.5|    390| 30.5|    636| 49.7|    643| 50.3|       890|       318|        72|
|  55 years        |  1,438|  1,062| 73.9|    375| 26.1|    763| 53.1|    674| 46.9|     1,062|       316|        59|
|  56 years        |  1,460|  1,109| 75.9|    351| 24.1|    893| 61.2|    567| 38.8|     1,109|       292|        60|
|  57 years        |  1,225|    936| 76.4|    289| 23.6|    707| 57.7|    518| 42.3|       936|       259|        30|
|  58 years        |  1,205|    885| 73.4|    321| 26.6|    716| 59.4|    489| 40.6|       885|       259|        61|
|  59 years        |  1,129|    824| 73.0|    305| 27.0|    629| 55.7|    501| 44.3|       824|       241|        64|
|  60 years        |  1,213|    879| 72.4|    334| 27.6|    695| 57.3|    518| 42.7|       879|       277|        57|
|  61 years        |  1,073|    801| 74.6|    272| 25.4|    631| 58.8|    442| 41.2|       801|       237|        35|
|  62 years        |    965|    733| 75.9|    232| 24.1|    580| 60.1|    385| 39.9|       733|       176|        56|
|  63 years        |  1,091|    775| 71.0|    317| 29.0|    591| 54.2|    500| 45.8|       775|       261|        55|
|  64 years        |    994|    772| 77.7|    222| 22.3|    624| 62.8|    370| 37.2|       772|       204|        18|
|  65 years        |  1,044|    763| 73.1|    281| 26.9|    592| 56.7|    452| 43.3|       763|       237|        45|
|  66 years        |  1,050|    773| 73.6|    277| 26.4|    637| 60.7|    413| 39.3|       773|       229|        48|
|  67 years        |    935|    749| 80.0|    187| 20.0|    573| 61.3|    362| 38.7|       749|       164|        23|
|  68 years        |  1,113|    796| 71.5|    317| 28.5|    666| 59.8|    447| 40.2|       796|       273|        44|
|  69 years        |    939|    742| 79.1|    197| 20.9|    600| 63.9|    339| 36.1|       742|       172|        24|
|  70 years        |    985|    715| 72.6|    270| 27.4|    579| 58.8|    406| 41.2|       715|       198|        71|
|  71 years        |    946|    740| 78.2|    206| 21.8|    589| 62.2|    357| 37.8|       740|       193|        13|
|  72 years        |  1,022|    785| 76.8|    237| 23.2|    626| 61.3|    396| 38.7|       785|       202|        35|
|  73 years        |    926|    726| 78.4|    200| 21.6|    585| 63.2|    341| 36.8|       726|       180|        20|
|  74 years        |    873|    689| 78.9|    184| 21.1|    553| 63.4|    320| 36.6|       689|       171|        14|
|  75 years        |    955|    704| 73.7|    251| 26.3|    560| 58.6|    395| 41.4|       704|       208|        43|
|  76 years        |    835|    608| 72.8|    227| 27.2|    486| 58.2|    349| 41.8|       608|       196|        31|
|  77 years        |    792|    570| 71.9|    223| 28.1|    423| 53.4|    369| 46.6|       570|       194|        29|
|  78 years        |    815|    568| 69.6|    248| 30.4|    438| 53.8|    377| 46.2|       568|       228|        20|
|  79 years        |    666|    491| 73.8|    175| 26.2|    366| 54.9|    300| 45.1|       491|       155|        20|
|  80 years        |    647|    469| 72.4|    179| 27.6|    375| 58.0|    272| 42.0|       469|       153|        25|
|  81 years        |    600|    437| 72.9|    163| 27.1|    318| 53.0|    282| 47.0|       437|       146|        17|
|  82 years        |    498|    372| 74.8|    125| 25.2|    241| 48.4|    257| 51.6|       372|       114|        11|
|  83 years        |    442|    322| 72.9|    120| 27.1|    189| 42.7|    253| 57.3|       322|       105|        15|
|  84 years        |    460|    313| 68.1|    147| 31.9|    213| 46.2|    247| 53.8|       313|       140|         6|
|  85 years and    |       |       |     |       |     |       |     |       |     |          |          |          |
|  over            |  2,074|  1,288| 62.1|    787| 37.9|    776| 37.4|  1,298| 62.6|     1,288|       711|        76|
----------------------------------------------------------------------------------------------------------------------
Note: 'Not registered' includes 'did not register to vote,' 'do not know,' and 'not reported.'
         'Did not vote' includes 'did not vote,' 'do not know,' and 'not reported.'
